114
147
108
113
57
73
100
131
114
85
112
71
121
151
150
79
64
107
156
114
168
107
146
126
84
129
119
163
127
61
43
180
32
98
143
108
124
118
118
39
93
108
98
172
81
64
139
157
111
77
25
189
31
98
132
106
83
21
88
132
135
110
58
12
59
118
107
134
113
151
109
113
90
99
69
67
140
66
106
89
116
136
129
131
58
82
105
161
100
86
117
164
88
146
94
99
78
74
121
65
150
41
42
120
90
100
104
46
126
79
176
107
126
103
99
122
74
85
85
116
109
171
127
14
82
93
51
55
64
135
100
170
169
120
177
54
50
141
53
109
82
174
88
86
60
74
106
96
64
177
61
79
141
28
97
106
155
66
53
95
74
87
104
159
116
43
119
47
130
136
168
35
112
104
62
32
16
107
115
78
60
152
124
148
121
104
66
111
110
101
158
96
70
93
47
140
89
81
74
61
19
51
102
30
55
89
75
82
139
89
60
126
91
113
58
159
85
84
51
120
92
136
63
58
133
122
104
82
164
145
79
58
153
158
101
184
83
171
101
143
39
99
108
172
162
73
170
133
157
111
102
154
61
39
90
98
43
69
146
108
128
81
173
92
174
136
9
140
37
114
132
99
113
116
102
88
143
19
115
73
67
93
36
62
143
76
121
119
71
120
118
77
117
83
123
89
88
86
144
139
140
130
102
68
100
49
140
94
160
104
132
161
51
75
86
73
101
74
150
110
180
159
117
39
95
157
103
41
82
102
39
163
131
74
11
59
140
85
96
132
99
114
108
44
99
117
113
87
41
156
24
64
15
43
72
71
22
36
49
160
61
57
120
123
68
132
122
66
116
61
144
83
66
121
145
152
140
116
103
139
150
97
112
91
59
133
115
147
132
61
70
40
105
58
67
105
85
85
126
60
9
24
64
28
115
129
44
84
82
101
88
154
106
103
58
112
156
64
110
174
27
59
95
122
81
59
109
68
55
105
62
17
60
87
12
156
117
37
90
122
99
29
182
12
153
118
127
105
27
115
117
95
69
145
47
90
81
28
54
47
179
149
129
176
146
137
76
182
74
128
90
119
80
93
122
150
69
97
102
129
184
93
174
72
160
97
145
96
97
31
113
102
90
39
30
32
14
130
86
31
70
128
104
68
94
59
171
100
47
114
169
90
164
135
161
75
99
136
104
60
49
146
24
104
119
188
96
88
86
39
127
94
91
60
117
67
110
156
101
110
166
37
102
43
33
24
95
150
152
24
94
118
42
119
44
74
109
91
78
106
44
104
80
114
79
80
122
97
170
88
118
115
109
168
86
177
100
88
42
35
40
90
95
102
141
126
74
40
113
125
96
178
68
28
98
92
69
97
85
97
83
81
92
133
105
87
97
168
98
68
58
77
100
76
87
81
81
118
78
154
107
110
11
104
87
39
88
39
117
69
81
66
85
81
45
65
99
82
136
129
88
141
68
125
97
116
17
84
35
101
100
41
115
90
33
46
104
65
140
168
40
16
97
42
107
91
51
147
112
136
46
157
105
137
76
65
143
156
87
67
81
189
179
130
109
114
42
157
60
148
118
98
48
96
69
52
85
156
154
139
108
42
154
159
88
103
104
119
38
61
67
168
59
