114
147
107
113
56
73
99
130
114
85
112
71
121
150
150
79
64
107
156
113
168
107
146
126
84
128
119
163
127
61
43
180
32
97
143
108
124
118
117
39
93
108
98
170
81
63
139
155
111
77
25
187
31
97
132
106
83
21
88
132
135
110
58
12
59
118
107
134
113
151
109
113
88
99
69
67
138
66
106
89
116
136
129
131
58
82
104
159
100
85
116
164
88
146
94
98
78
74
120
65
150
41
42
120
90
99
104
46
125
79
175
107
126
103
99
121
74
84
84
116
108
171
127
14
82
93
51
55
64
135
100
170
168
119
176
54
50
139
53
109
82
172
88
86
60
73
106
96
64
177
61
79
141
28
97
104
155
66
53
94
72
87
104
156
116
43
119
47
129
136
167
35
111
104
62
32
16
105
115
77
60
151
124
148
120
103
66
111
110
101
157
95
70
93
47
139
88
81
74
61
19
51
101
30
55
89
75
82
136
89
60
126
89
113
58
158
85
84
51
119
92
136
63
58
133
122
104
82
164
145
78
58
152
155
101
183
83
171
101
139
39
99
108
172
161
72
169
133
156
111
101
153
60
39
90
98
43
69
143
108
128
81
172
92
174
135
9
139
37
114
132
99
113
116
102
88
143
19
115
73
67
93
36
62
142
76
121
119
71
119
118
77
115
83
123
88
88
86
144
139
140
130
101
68
100
49
139
94
160
104
131
160
51
75
86
73
100
74
150
110
179
158
114
38
95
156
103
41
82
102
39
163
131
74
11
59
140
85
96
132
98
112
107
44
99
117
113
87
41
156
24
63
15
43
72
71
22
36
49
158
61
57
120
120
68
131
122
66
116
61
142
83
66
121
145
152
140
115
103
137
150
97
112
91
59
133
115
147
132
61
69
40
105
58
67
105
85
85
126
60
9
24
64
28
114
129
44
84
82
101
88
153
106
102
58
112
156
64
110
173
27
59
94
122
81
59
108
67
55
104
61
17
60
87
12
156
117
37
90
121
99
29
181
12
153
117
125
105
27
115
117
95
69
145
47
89
81
28
54
47
177
148
128
176
146
137
76
182
73
128
90
119
80
93
120
150
69
97
102
128
182
93
173
72
159
96
143
96
97
31
112
102
90
39
30
32
14
129
86
31
70
128
104
68
93
59
171
100
47
114
169
88
162
135
160
75
99
136
104
60
49
146
24
103
119
185
96
87
86
39
126
94
91
60
117
67
109
156
99
110
166
37
102
43
33
24
95
148
152
24
94
118
42
119
44
74
109
91
78
106
44
104
80
114
79
80
122
97
169
88
118
115
109
168
84
177
100
87
42
35
40
90
95
102
141
124
74
40
113
125
94
178
68
28
98
92
69
96
85
96
83
80
91
133
105
87
97
167
98
68
58
77
99
76
87
81
81
117
78
153
107
110
11
104
87
39
88
39
117
69
80
66
85
81
45
65
98
82
135
129
88
141
68
125
96
116
17
84
35
101
100
41
115
90
33
46
104
65
140
168
40
16
97
42
106
91
51
145
110
135
46
157
105
137
76
65
142
156
87
67
81
188
177
130
109
114
42
156
60
147
118
97
48
96
68
52
85
156
154
139
108
42
154
158
88
103
104
119
38
59
67
167
59
